[{"id": 0, "img_name": "val.jpg", "width": 2044, "height": 2060, "position": [2.6087352347564345, -0.012993071249705461, -1.7127898300203699], "rotation": [[0.9960916894188523, -0.02986449124131881, 0.08312315221160627], [0.029938890825596406, 0.9995516691149977, 0.00035154737227912583], [-0.08309638431863141, 0.0021384415631784397, 0.9965392204930276]], "fy": 2521.138070103345, "fx": 2168.6535397214197}, {"id": 1, "img_name": "front.jpg", "width": 2044, "height": 2060, "position": [0.4129862183454314, -0.007317824470949089, -0.8098208579520166], "rotation": [[0.9227267066413233, 0.008872464978908423, 0.3853527010623584], [0.0033176071400045823, 0.9995152077045873, -0.03095711630821309], [-0.3854405509721595, 0.029843406850654394, 0.9222499404900085]], "fy": 2521.138070103345, "fx": 2168.6535397214197}, {"id": 2, "img_name": "left.jpg", "width": 2044, "height": 2060, "position": [-4.248966030258088, -0.022822835945196938, 6.233584507730249], "rotation": [[0.39822529599359574, 0.00937975045272714, 0.9172396818238173], [0.010693998463667628, 0.9998322881181042, -0.01486721336953174], [-0.9172253005819628, 0.015729460192920604, 0.39805820184285506]], "fy": 2521.138070103345, "fx": 2168.6535397214197}, {"id": 3, "img_name": "mid_left.jpg", "width": 2044, "height": 2060, "position": [-3.7331919357226724, -0.0023614058870191704, 2.1836503035489963], "rotation": [[0.656418446749223, 0.022898746058996333, 0.7540493818021887], [0.034349116860259585, 0.9975953731790977, -0.06019642499830936], [-0.7536145970841179, 0.06541497413117622, 0.654053453642101]], "fy": 2521.138070103345, "fx": 2168.6535397214197}, {"id": 4, "img_name": "mid_right.jpg", "width": 2044, "height": 2060, "position": [4.960436065108311, 0.04549513625563762, -1.0597200956118407], "rotation": [[0.9985791876493195, -0.005116538381079987, -0.05304174797855114], [0.007074388949206449, 0.999297988350063, 0.03678972003852277], [0.05281627603893088, -0.037112686705660015, 0.9979143698087863]], "fy": 2521.138070103345, "fx": 2168.6535397214197}, {"id": 5, "img_name": "right.jpg", "width": 2044, "height": 2060, "position": [7.468031391830274, 0.1429051735137718, 1.3986803948465194], "rotation": [[0.8639777092593955, 0.004424424828646369, -0.5035106179295756], [-0.0014449054716816965, 0.9999790627141598, 0.006307644686300032], [0.5035279834836047, -0.0047221391599954225, 0.8639660127867811]], "fy": 2521.138070103345, "fx": 2168.6535397214197}]